95
95
63
9
10
9
9
9
9
9
9
9
9
10
9
9
9
9
9
9
9
9
10
9
9
9
9
9
9
9
9
10
9
9
9
9
9
9
9
9
10
9
9
9
9
9
9
9
9
10
9
9
9
9
9
9
9
9
10
9
9
9
9
9
9
9
9
9
10
9
9
9
9
9
9
9
9
10
9
9
9
9
9
9
9
9
10
9
9
9
9
3
3
4
4
4
4
4
5
5
5
5
6
5
5
5
5
7
6
6
6
6
7
6
6
6
6
8
6
6
6
6
7
6
6
6
6
9
7
7
7
7
7
8
7
7
7
7
9
7
7
7
7
8
7
7
7
7
7
10
7
7
7
7
8
7
7
7
7
7
9
7
7
7
7
8
7
7
7
7
9
10
8
8
8
8
9
8
8
8
8
8
10
8
8
8
8
8
9
8
8
8
8
8
11
8
8
8
8
8
9
8
8
8
8
10
8
8
8
8
8
9
8
8
8
8
8
12
8
8
8
8
8
9
8
8
8
8
9
9
8
8
8
8
9
8
8
8
8
8
11
8
8
8
8
8
9
8
8
8
8
8
10
8
8
8
8
8
9
8
8
8
8
13
9
9
9
9
9
10
9
9
9
9
9
9
11
9
9
9
9
9
10
9
9
9
9
9
12
9
9
9
9
9
10
9
9
9
9
9
11
9
9
9
9
9
10
9
9
9
9
9
10
13
9
9
9
9
9
10
9
9
9
9
9
11
9
9
9
9
9
10
9
9
9
9
9
12
9
9
9
9
9
10
9
9
9
9
9
9
11
9
9
9
9
9
10
9
9
9
9
9
14
9
9
9
9
9
10
9
9
9
9
9
11
9
9
9
9
9
10
9
9
9
9
9
9
12
9
9
9
9
9
10
9
9
9
9
9
11
9
9
9
9
9
10
9
9
9
9
9
13
9
9
9
9
9
10
9
9
9
9
9
9
11
9
9
9
9
9
10
9
9
9
9
9
12
9
9
9
9
9
10
9
9
9
9
9
11
9
9
9
9
9
10
9
9
9
9
9
12
13
10
10
10
10
10
11
10
10
10
10
10
10
12
10
10
10
10
10
11
10
10
10
10
10
10
13
10
10
10
10
10
11
10
10
10
10
10
10
12
10
10
10
10
10
11
10
10
10
10
10
10
14
10
10
10
10
10
11
10
10
10
10
10
10
12
10
10
10
10
10
10
11
10
10
10
10
10
13
10
10
10
10
10
10
11
10
10
10
10
10
12
10
10
10
10
10
10
11
10
10
10
10
10
15
10
10
10
10
10
10
11
10
10
10
10
10
12
10
10
10
10
10
10
11
10
10
10
10
10
13
10
10
10
10
10
10
11
10
10
10
10
10
12
10
10
10
10
10
10
11
10
10
10
10
10
14
10
10
10
10
10
10
11
10
10
10
10
10
10
12
10
10
10
10
10
11
10
10
10
10
10
10
13
10
10
10
10
10
11
10
10
10
10
10
10
12
10
10
10
10
10
11
10
10
10
10
10
12
15
10
10
10
10
10
11
10
10
10
10
103
83
80
80
82
84
84
79
87
85
84
82
86
81
80
78
84
85
86
76
81
75
85
75
83
76
79
84
77
84
88
81
80
84
85
88
80
77
86
84
80
83
83
80
80
84
79
85
75
88
85
83
82
85
78
80
83
82
82
77
87
78
80
84
82
80
84
81
81
82
86
81
79
78
79
84
78
79
79
85
78
83
74
78
81
75
82
79
81
76
76
86
81
79
79
77
81
77
79
74
77
76
80
78
79
78
81
83
79
82
79
76
82
78
77
79
81
77
78
79
77
79
74
74
77
73
71
79
81
79
79
78
78
82
78
79
78
79
78
80
77
79
79
81
80
77
74
76
81
76
78
83
80
77
75
78
80
72
77
75
75
80
83
77
79
82
82
80
74
78
74
82
79
77
74
70
70
79
76
72
80
78
80
75
75
78
75
75
73
78
76
77
73
78
79
75
73
76
80
78
78
70
78
76
72
74
76
78
72
76
74
69
73
78
73
72
78
74
74
73
76
73
78
76
70
72
73
79
73
72
71
78
69
72
75
78
72
78
75
79
75
73
71
75
82
74
75
73
71
73
70
76
74
75
70
77
80
77
72
75
79
75
75
77
74
72
76
72
70
73
72
73
70
72
75
78
70
75
72
70
73
70
73
75
69
71
69
71
73
68
70
71
75
69
71
68
72
73
71
75
74
67
72
77
73
74
68
71
64
73
74
74
74
70
70
72
72
71
68
73
74
66
70
70
70
70
75
71
73
72
73
71
73
71
66
72
71
70
71
66
73
67
69
74
72
67
70
69
72
67
71
76
66
71
72
74
70
63
68
73
69
74
75
73
72
72
68
63
69
65
70
70
69
67
72
73
68
68
70
74
72
67
68
70
70
64
73
66
74
69
70
65
70
69
72
67
63
71
71
72
67
70
66
68
70
71
69
67
63
71
66
65
64
60
67
69
67
70
66
66
68
68
70
69
69
64
66
69
64
69
70
67
67
65
70
67
68
63
66
67
66
66
64
67
63
68
67
67
65
68
64
67
62
64
68
67
65
64
66
70
69
62
69
65
68
65
63
71
63
70
66
65
66
64
62
66
66
66
62
64
65
63
65
65
66
68
64
67
61
66
65
62
65
62
63
64
67
68
68
63
63
69
64
66
62
63
61
64
61
61
61
64
64
64
67
63
64
63
65
67
61
62
64
59
63
62
66
61
63
65
62
63
62
68
62
63
64
61
62
66
63
63
64
64
64
62
64
61
63
59
65
58
67
61
62
62
66
58
62
62
64
62
61
63
58
57
61
61
64
63
64
62
61
60
62
59
65
64
57
62
60
60
63
59
59
59
62
58
61
64
58
59
62
59
61
63
59
60
59
60
61
61
59
61
58
57
58
58
56
60
58
55
55
62
59
60
60
63
61
61
56
59
61
59
60
60
60
59
61
62
59
61
55
58
60
62
53
58
61
58
57
59
55
57
60
60
58
56
58
60
52
60
58
58
58
58
58
60
55
59
55
55
58
59
59
58
59
56
56
56
58
57
56
57
58
57
55
56
56
57
60
54
54
59
55
58
56
56
55
54
58
57
58
56
57
60
54
57
55
55
54
54
55
55
58
55
55
56
56
53
55
55
52
57
55
54
53
53
54
56
57
56
55
52
54
56
54
55
57
57
53
53
55
55
55
55
53
56
56
55
53
56
52
55
54
54
53
52
52
54
56
51
54
54
54
52
55
55
53
54
54
53
52
51
51
53
54
54
55
50
53
52
53
56
53
49
53
53
52
54
54
54
53
53
52
53
52
47
50
51
51
52
51
53
51
52
51
47
48
53
52
52
52
53
51
53
53
53
52
52
50
51
52
49
50
51
51
48
52
50
47
52
48
51
51
52
49
49
49
49
52
49
49
52
49
48
50
50
51
52
51
49
50
51
51
50
50
50
48
49
48
51
48
49
48
50
50
50
51
45
50
51
48
48
49
48
50
49
49
48
49
48
49
48
45
49
48
50
49
47
44
48
49
45
48
46
46
49
47
46
46
48
45
48
43
49
46
47
48
47
47
47
47
47
45
47
45
44
47
48
47
44
46
43
46
45
47
46
46
46
46
47
45
46
45
47
47
46
42
42
46
45
45
46
44
44
45
43
45
45
45
45
46
46
46
45
43
44
43
44
42
42
43
44
43
45
44
45
44
44
44
42
42
42
44
44
42
44
42
43
42
44
44
43
43
44
41
44
43
43
42
43
43
43
43
41
41
42
42
43
41
41
41
43
42
40
41
41
42
40
42
42
41
42
41
42
40
42
42
42
42
41
41
41
41
41
41
41
41
40
40
41
40
40
41
40
39
41
40
40
39
40
39
38
40
39
39
40
40
38
37
38
36
40
39
39
39
38
39
39
38
39
38
39
39
39
39
38
38
39
38
37
37
38
38
37
38
38
38
37
38
38
38
37
37
37
37
37
37
37
37
36
37
37
37
36
37
37
37
37
37
34
37
36
36
34
36
36
36
36
36
35
36
36
36
36
35
36
36
35
35
35
35
35
35
35
35
35
35
35
35
35
35
35
34
34
34
34
34
34
33
34
33
34
34
34
34
34
34
34
34
33
33
33
33
33
33
33
33
33
32
33
31
33
32
33
33
32
32
32
32
32
32
32
31
32
32
31
32
32
32
32
30
31
31
31
31
31
31
31
31
31
31
28
31
31
31
31
31
30
30
30
30
30
30
29
30
30
30
29
30
30
30
30
30
29
29
29
29
29
29
29
29
29
29
29
29
29
29
29
28
28
28
28
28
28
28
28
28
28
28
28
27
28
28
28
27
27
27
27
27
27
27
27
27
27
27
27
27
27
27
27
26
26
26
26
26
26
26
26
26
26
26
26
25
26
26
25
25
25
25
25
25
25
25
25
25
25
25
25
25
25
25
24
24
24
24
24
24
23
24
24
24
24
24
24
24
24
23
23
23
23
23
23
23
23
23
23
23
23
23
23
23
22
22
22
22
22
22
22
22
22
22
22
22
22
22
22
22
21
21
21
21
21
21
21
21
21
21
21
21
21
21
21
20
20
20
20
20
20
20
20
20
20
20
20
20
20
20
19
19
19
19
19
19
19
19
19
19
19
19
19
19
19
18
18
18
18
18
18
18
18
18
18
18
18
18
18
18
17
17
17
17
17
17
17
17
17
17
17
17
17
17
17
16
16
16
16
16
16
16
16
16
16
16
16
16
16
15
15
15
15
15
15
15
15
15
15
15
15
15
15
15
14
14
14
14
14
14
14
14
14
14
14
14
14
14
13
13
13
13
13
13
13
13
13
13
13
13
13
13
13
12
12
12
12
12
12
12
12
12
12
12
12
12
12
11
11
11
11
11
11
11
11
11
11
11
11
11
11
10
10
10
10
10
10
10
10
10
10
10
10
10
9
9
9
9
9
9
9
9
9
9
9
9
9
9
8
8
8
8
8
8
8
8
8
8
8
8
8
7
7
7
7
7
7
7
7
7
7
7
7
7
6
6
6
6
6
6
6
6
6
6
6
6
6
5
5
5
5
5
5
5
5
5
5
5
5
4
4
4
4
4
4
4
4
4
4
4
3
3
3
3
3
3
3
3
