95
63
9
10
9
9
9
9
9
9
9
9
10
9
9
9
9
9
9
9
9
10
9
9
9
9
9
9
9
9
10
9
9
9
9
9
9
9
9
10
9
9
9
9
9
9
9
9
10
9
9
9
9
9
9
9
9
10
9
9
9
9
9
9
9
9
10
9
9
9
9
9
9
9
9
9
10
9
9
9
9
9
9
9
9
10
9
9
9
9
3
3
4
4
4
4
4
5
5
5
5
6
5
5
5
5
7
6
6
6
6
7
6
6
6
6
8
6
6
6
6
7
6
6
6
6
9
7
7
7
7
7
8
7
7
7
7
9
7
7
7
7
7
8
7
7
7
7
10
7
7
7
7
8
7
7
7
7
7
9
7
7
7
7
8
7
7
7
7
7
11
8
8
8
8
8
9
8
8
8
8
10
8
8
8
8
8
9
8
8
8
8
8
11
8
8
8
8
8
9
8
8
8
8
8
10
8
8
8
8
9
8
8
8
8
8
12
8
8
8
8
8
9
8
8
8
8
8
10
8
8
8
8
8
9
8
8
8
8
11
8
8
8
8
8
9
8
8
8
8
8
10
8
8
8
8
8
9
8
8
8
8
10
12
9
9
9
9
9
10
9
9
9
9
9
11
9
9
9
9
9
10
9
9
9
9
9
12
9
9
9
9
9
10
9
9
9
9
9
9
11
9
9
9
9
9
10
9
9
9
9
9
13
9
9
9
9
9
10
9
9
9
9
9
11
9
9
9
9
9
10
9
9
9
9
9
10
11
9
9
9
9
9
10
9
9
9
9
9
11
9
9
9
9
9
10
9
9
9
9
9
14
9
9
9
9
9
10
9
9
9
9
9
10
10
9
9
9
9
9
10
9
9
9
9
9
12
9
9
9
9
9
10
9
9
9
9
9
11
9
9
9
9
9
10
9
9
9
9
9
13
9
9
9
9
9
9
10
9
9
9
9
9
11
9
9
9
9
9
10
9
9
9
9
9
12
9
9
9
9
9
10
9
9
9
9
9
11
9
9
9
9
9
9
10
9
9
9
9
11
15
10
10
10
10
10
11
10
10
10
10
10
10
12
10
10
10
10
10
11
10
10
10
10
10
10
13
10
10
10
10
10
11
10
10
10
10
10
10
12
10
10
10
10
10
11
10
10
10
10
10
10
14
10
10
10
10
10
10
11
10
10
10
10
10
12
10
10
10
10
10
10
11
10
10
10
10
10
13
10
10
10
10
10
10
11
10
10
10
10
10
12
10
10
10
10
10
10
11
10
10
10
10
10
15
10
10
10
10
10
10
11
10
10
10
10
10
12
10
10
10
10
10
10
11
10
10
10
10
10
13
10
10
10
10
10
10
11
10
10
10
10
10
11
11
10
10
10
10
10
11
10
10
10
10
10
11
13
10
10
10
10
10
11
10
10
10
10
10
10
12
10
10
10
10
10
11
10
10
10
10
10
10
13
10
10
10
10
10
11
10
10
10
10
10
10
12
10
10
10
10
10
11
10
10
10
10
10
11
15
10
10
10
10
10
11
10
10
10
10
98
75
85
82
84
84
85
79
80
81
85
78
84
79
87
82
80
82
79
82
80
89
85
78
88
81
83
84
82
79
82
82
85
84
80
80
83
79
88
85
82
85
77
80
82
76
85
77
83
83
82
80
83
81
82
81
83
84
84
84
83
78
83
80
81
81
77
80
82
83
79
82
78
82
81
83
83
80
79
82
79
75
78
85
76
84
81
80
73
78
85
79
77
82
80
72
81
79
78
76
81
78
80
75
84
81
75
74
81
81
73
83
81
82
81
82
80
81
79
81
78
78
79
82
78
79
77
82
81
82
80
80
77
79
70
74
80
79
78
80
67
77
71
79
76
78
77
75
80
85
71
76
77
75
80
76
74
74
73
78
75
76
75
76
75
72
73
74
75
80
77
82
82
75
77
76
78
76
77
77
80
79
77
79
76
73
70
72
73
76
85
75
72
79
74
75
80
78
77
73
80
73
69
81
72
73
81
78
80
71
76
77
66
73
76
75
69
73
73
77
75
77
79
68
75
78
73
72
75
81
75
75
77
77
76
79
72
74
73
72
71
77
66
74
75
77
72
70
73
75
78
73
76
79
79
68
76
69
74
71
73
72
73
75
70
68
70
72
76
79
73
69
77
75
72
74
70
74
70
71
69
71
67
70
70
72
76
70
70
77
70
75
73
72
72
67
70
71
70
71
74
72
73
75
74
75
70
71
71
69
72
72
78
67
70
69
69
73
69
68
68
72
69
67
68
68
76
71
74
72
69
76
70
71
75
70
73
66
67
68
70
69
71
67
67
66
72
64
72
72
71
69
70
70
68
70
72
67
71
73
66
71
73
69
65
71
74
69
71
69
70
68
70
72
71
69
73
66
70
69
75
70
69
68
66
68
69
72
73
64
70
64
69
72
74
67
70
69
68
67
71
72
71
71
68
66
69
66
71
65
70
68
64
72
67
66
65
63
67
65
72
66
67
67
70
64
66
65
72
65
68
70
66
66
68
67
69
69
67
69
66
64
65
67
65
62
70
64
67
62
64
65
68
67
61
69
68
63
62
67
69
64
63
63
69
63
66
69
63
66
67
69
63
68
59
63
62
69
62
64
67
65
67
67
64
64
65
65
61
62
63
65
64
66
65
64
64
66
64
67
65
67
62
67
62
61
64
64
66
61
66
59
64
64
63
66
65
64
63
66
67
66
65
63
62
62
61
67
61
64
64
63
63
62
62
67
64
60
60
55
62
59
59
62
63
62
61
61
60
60
59
62
60
62
64
62
62
62
62
65
64
63
62
61
59
61
64
62
62
61
61
62
62
62
60
60
62
62
59
62
57
61
58
62
54
59
62
60
64
61
62
59
59
57
60
60
61
62
60
62
61
61
63
61
57
62
59
59
60
63
59
62
55
58
57
59
58
62
60
59
59
60
63
62
59
61
59
58
61
58
61
61
60
60
58
61
60
55
60
57
56
58
60
58
58
58
59
62
58
54
59
59
60
57
58
58
59
59
57
52
57
54
54
58
57
56
57
58
56
56
57
58
56
60
55
59
55
56
58
56
57
58
58
57
59
58
58
56
57
57
57
56
56
59
55
56
55
55
56
52
57
56
54
57
57
55
53
54
52
58
57
51
57
56
58
54
55
54
56
57
56
53
53
58
52
56
56
57
55
53
55
53
51
52
55
55
55
49
55
53
53
54
55
53
57
53
53
52
56
52
54
53
53
55
54
56
53
54
51
52
53
53
53
51
55
51
53
53
50
52
53
53
51
53
51
54
51
53
54
49
53
53
55
54
52
55
52
53
54
52
54
52
51
50
54
52
52
53
52
50
54
49
51
52
50
54
53
50
52
52
50
54
52
49
52
52
49
51
48
51
52
50
47
51
49
47
49
52
51
51
48
51
52
50
49
51
48
50
50
48
51
49
51
47
50
48
48
45
50
48
47
48
49
49
50
49
51
49
48
49
50
48
48
48
50
47
48
48
47
49
49
48
49
48
49
49
50
49
46
48
49
49
47
49
48
48
49
46
47
46
47
47
48
49
46
48
47
47
44
44
48
46
47
47
45
47
48
45
47
47
47
44
47
46
45
44
46
46
46
46
45
47
45
46
46
47
45
47
44
46
45
45
45
44
44
46
43
45
46
45
45
45
45
45
46
44
44
44
44
45
44
45
44
43
44
45
42
44
45
45
45
44
42
44
43
44
44
44
44
43
42
43
42
44
43
44
43
43
43
42
43
41
43
42
43
39
42
42
43
42
41
43
43
42
42
38
42
41
39
42
40
41
41
39
42
41
42
42
40
41
41
40
40
40
41
41
37
41
40
41
41
38
40
41
41
40
41
41
39
40
40
39
40
39
39
40
40
40
39
39
39
39
40
40
38
38
36
38
39
37
38
38
37
39
39
38
39
39
38
39
38
38
38
37
38
38
38
38
37
37
38
38
37
38
37
38
38
37
36
36
36
37
36
37
37
37
37
37
37
37
37
37
37
35
36
36
36
35
36
36
36
36
36
35
36
36
36
35
36
35
34
34
33
35
35
35
34
34
35
34
35
34
34
35
34
34
34
34
34
34
33
34
34
34
33
34
34
34
34
34
34
33
33
33
33
33
33
32
33
32
32
32
33
33
33
33
33
32
32
32
32
32
32
32
32
32
32
32
32
31
32
32
31
31
30
31
31
31
30
30
31
31
30
31
30
31
31
31
31
30
30
30
29
30
30
30
30
30
29
30
30
30
29
30
30
29
29
28
28
29
29
29
29
29
29
29
29
29
29
29
29
28
28
28
27
28
28
28
28
26
28
28
28
28
28
28
27
26
27
27
27
27
26
27
27
27
27
27
27
27
27
27
26
26
26
26
26
26
26
26
26
26
26
26
26
26
26
25
25
25
25
25
25
25
24
25
25
25
25
25
25
25
25
24
24
24
24
24
24
24
24
24
24
24
24
24
24
24
23
23
23
23
23
23
23
23
23
23
23
23
23
23
23
23
21
22
22
22
22
22
22
22
22
22
22
22
22
22
22
21
21
21
21
21
21
21
21
21
21
21
21
21
21
21
20
20
20
20
20
20
20
20
20
20
20
20
20
20
20
19
19
19
19
19
19
19
19
19
19
19
19
19
19
19
18
18
18
18
18
18
18
18
18
18
18
18
18
18
18
17
17
17
17
17
17
17
17
17
17
17
17
17
17
17
16
16
16
16
16
16
16
16
16
16
16
16
16
16
16
15
15
15
15
15
15
15
15
15
15
15
15
15
15
14
14
14
14
14
14
14
14
14
14
14
14
14
14
14
13
13
13
13
13
13
13
13
13
13
13
13
13
13
12
12
12
12
12
12
12
12
12
12
12
12
12
12
11
11
11
11
11
11
11
11
11
11
11
11
11
11
10
10
10
10
10
10
10
10
10
10
10
10
10
10
9
9
9
9
9
9
9
9
9
9
9
9
9
8
8
8
8
8
8
8
8
8
8
8
8
8
7
7
7
7
7
7
7
7
7
7
7
7
7
6
6
6
6
6
6
6
6
6
6
6
6
6
5
5
5
5
5
5
5
5
5
5
5
5
4
4
4
4
4
4
4
4
4
4
4
3
3
3
3
3
3
3
3
