157
146
85
10
11
10
10
10
11
10
10
10
10
11
10
10
10
10
11
10
10
10
11
10
10
10
10
11
10
10
10
11
10
10
10
10
11
10
10
10
11
10
10
10
10
11
10
10
10
11
10
10
10
10
11
10
10
10
11
10
10
10
10
11
10
10
10
11
10
10
10
10
11
10
10
10
10
11
10
10
10
11
10
10
10
10
11
10
10
10
11
4
4
5
5
6
5
5
7
6
7
6
8
6
6
7
6
9
7
7
8
7
9
7
7
8
7
10
7
7
8
7
9
7
7
8
7
11
8
8
9
8
8
10
8
9
8
8
11
8
8
9
8
8
10
8
9
8
8
12
8
8
9
8
10
8
8
9
8
8
11
8
8
9
8
10
8
8
9
8
9
13
9
9
10
9
11
9
9
10
9
9
12
9
9
10
9
9
11
9
9
10
9
9
13
9
9
10
9
9
11
9
9
10
9
10
11
9
10
9
9
11
9
9
10
9
9
14
9
9
10
9
9
11
9
9
10
9
9
12
9
9
10
9
11
9
9
10
9
9
13
9
9
10
9
9
11
9
9
10
9
9
12
9
9
10
9
9
11
9
9
10
9
15
10
10
10
11
10
10
12
10
10
11
10
10
13
10
10
11
10
10
12
10
10
11
10
10
14
10
10
11
10
10
12
10
10
11
10
10
11
12
10
10
11
10
10
12
10
10
11
10
11
15
10
10
11
10
10
12
10
10
11
10
10
13
10
10
11
10
10
12
10
10
11
10
10
13
12
10
10
11
10
10
12
10
10
11
10
10
13
10
10
11
10
10
12
10
10
11
10
11
16
10
10
11
10
10
12
10
10
11
10
10
11
13
10
10
11
10
10
12
10
10
11
10
10
14
10
10
11
10
10
12
10
10
11
10
10
13
10
10
11
10
10
12
10
10
11
10
10
13
12
10
10
11
10
10
12
10
10
11
10
10
13
10
10
11
10
10
12
10
10
11
10
10
14
10
10
11
10
10
12
10
10
11
10
10
12
12
10
10
11
10
10
12
10
10
11
11
12
16
11
11
12
11
11
13
11
11
11
12
11
11
14
11
11
12
11
11
13
11
11
11
12
11
11
15
11
11
12
11
11
11
13
11
11
12
11
11
14
11
11
12
11
11
11
13
11
11
12
11
11
16
11
11
12
11
11
11
13
11
11
12
11
11
14
11
11
11
12
11
11
13
11
11
12
11
11
15
11
11
11
12
11
11
13
11
11
12
11
11
14
11
11
11
12
11
11
13
11
11
12
11
11
17
11
11
11
12
11
11
13
11
11
12
11
11
12
13
11
11
12
11
11
13
11
11
12
11
11
12
14
11
11
12
11
11
13
11
11
12
11
11
11
14
11
11
12
11
11
13
11
11
12
11
11
12
15
11
11
12
11
11
13
11
11
11
12
11
11
14
11
11
12
11
11
13
11
11
11
12
11
11
15
11
11
12
11
11
13
11
11
11
12
11
11
14
11
11
12
11
11
13
11
11
11
12
12
13
16
11
11
12
11
11
12
13
11
11
12
130
125
133
132
126
127
126
126
125
124
127
133
133
126
135
126
130
122
133
123
131
121
116
129
130
120
120
125
128
126
126
128
125
128
122
122
120
129
125
130
123
124
126
125
123
124
125
126
122
126
129
124
131
118
111
119
125
122
121
121
128
128
120
133
110
124
125
120
122
121
127
122
125
129
124
119
123
127
125
118
126
130
124
127
124
115
122
119
128
117
129
120
119
121
126
126
113
121
129
120
125
135
115
126
125
133
121
117
131
120
115
115
110
126
115
121
129
121
126
132
115
119
120
128
116
124
118
118
118
122
126
123
118
130
113
128
121
127
124
124
133
122
112
120
114
122
124
126
115
120
119
123
118
117
118
115
112
118
123
118
119
111
121
120
119
118
117
113
117
119
114
112
124
112
110
121
125
116
116
122
124
123
122
121
125
121
124
111
119
124
127
116
116
103
130
118
111
102
119
120
125
123
122
113
123
124
115
116
111
111
111
116
113
123
117
114
120
113
117
118
104
113
114
119
120
120
118
111
114
114
111
111
112
117
122
119
120
117
114
115
102
118
119
117
119
112
103
111
113
124
115
118
125
112
119
112
116
114
121
121
120
108
106
113
111
108
101
107
117
112
118
114
118
119
119
117
104
116
115
113
117
114
115
123
111
116
101
117
110
119
115
111
111
117
117
112
112
117
112
105
110
119
114
117
118
107
111
113
114
122
114
112
110
101
106
111
116
114
113
109
115
112
114
121
102
109
114
111
116
105
115
116
106
107
107
107
105
112
121
107
107
107
113
114
112
108
115
108
107
117
112
110
107
103
111
105
116
116
104
111
112
106
106
114
116
116
106
113
106
109
103
111
111
106
114
112
108
109
110
110
103
113
117
101
110
96
114
116
101
106
108
109
103
104
102
105
107
100
108
109
106
99
111
109
111
102
109
102
107
111
94
109
104
112
110
109
99
112
104
112
112
111
107
117
108
107
105
101
105
105
105
104
116
100
105
108
105
106
105
113
106
113
105
104
102
108
108
103
100
107
107
104
104
100
107
105
110
111
92
106
113
104
106
107
109
108
106
105
109
106
103
103
110
105
105
101
103
104
101
104
108
94
100
111
110
101
105
101
108
103
110
103
108
102
104
108
113
106
95
106
105
97
103
104
105
102
104
105
107
108
109
99
105
105
104
106
97
104
112
99
106
104
98
109
104
99
100
105
104
106
107
106
112
101
103
106
104
98
110
99
97
104
104
101
103
107
97
97
102
102
103
104
95
101
98
91
94
103
101
94
106
98
94
100
103
99
106
93
104
103
100
97
100
100
107
101
98
90
103
95
96
107
96
104
100
92
96
99
107
87
93
96
102
98
99
104
98
98
99
97
97
96
101
95
96
101
101
96
97
94
95
101
91
102
97
94
102
90
95
105
93
100
96
96
99
97
102
90
100
95
96
99
98
98
104
88
93
91
103
98
94
95
100
91
89
90
101
102
101
94
94
97
100
98
95
94
94
103
96
93
90
95
92
96
95
94
98
95
100
96
97
94
91
100
93
95
96
92
94
89
94
101
97
94
101
89
100
92
87
85
98
94
89
88
96
95
98
88
91
94
93
96
91
92
100
92
95
93
91
96
98
93
90
93
96
95
98
91
92
95
96
95
89
90
87
91
88
88
81
88
91
90
91
88
91
91
92
87
93
91
99
87
93
84
93
92
94
85
97
86
92
89
88
89
93
91
88
90
93
89
89
90
87
89
90
88
86
89
92
86
88
89
84
89
83
88
97
90
83
89
90
87
90
87
88
95
87
85
84
93
79
89
86
90
85
82
84
88
91
87
86
88
90
92
88
90
82
86
86
89
86
84
88
86
91
86
85
86
80
81
81
88
84
81
88
86
87
88
83
86
83
86
87
81
86
86
81
81
80
80
84
88
84
84
83
77
83
81
87
84
79
77
84
80
85
83
87
84
84
83
87
79
85
84
86
87
77
84
82
87
83
81
79
78
81
78
79
83
90
84
78
84
85
83
87
82
82
83
85
80
83
79
82
80
85
79
85
83
78
81
76
78
83
83
77
81
82
79
76
83
81
82
78
75
79
78
79
75
78
78
79
84
81
77
78
79
73
83
82
82
79
79
77
78
77
78
80
81
77
80
81
77
81
79
73
78
75
75
78
78
79
74
77
77
78
74
74
77
78
72
75
74
74
74
75
78
75
75
76
76
78
78
74
79
76
76
72
77
74
71
75
73
74
74
78
70
73
70
74
76
73
72
70
71
77
70
77
75
76
72
75
74
74
71
71
75
75
74
72
73
69
72
73
72
72
74
70
71
69
73
72
69
64
71
71
74
70
74
68
66
71
72
69
68
67
70
68
69
71
68
66
68
68
75
64
69
68
66
69
71
66
69
68
66
68
69
66
63
69
68
64
66
69
70
69
63
66
68
66
70
65
69
65
68
68
66
66
66
66
68
69
67
65
64
69
69
63
68
64
64
63
66
62
65
68
67
65
64
60
66
65
65
64
67
66
66
63
64
63
66
62
64
65
59
61
62
59
64
61
58
61
63
60
64
62
60
62
59
62
62
60
60
61
62
61
62
60
61
61
63
59
62
60
63
61
59
60
55
59
60
61
56
59
60
62
59
59
58
59
55
58
55
60
58
60
56
57
58
58
58
59
59
59
55
57
57
57
58
57
57
58
55
50
57
55
57
57
48
53
54
58
55
54
54
56
55
56
55
55
55
52
54
54
55
52
54
54
52
55
55
55
53
53
52
53
52
51
53
55
53
52
54
53
53
53
53
50
53
51
52
50
51
51
52
51
50
48
50
52
49
50
50
49
50
51
49
50
50
48
50
51
51
49
48
49
49
49
49
48
48
46
49
48
48
49
49
49
46
44
48
47
45
46
48
48
46
45
45
45
46
43
47
47
43
46
44
44
46
45
46
45
45
42
45
44
45
45
44
44
43
44
43
42
43
42
43
42
41
43
43
43
43
43
43
42
42
41
42
42
42
41
40
41
41
41
39
41
40
40
40
38
40
40
39
40
40
38
39
39
39
38
39
39
39
38
38
38
38
38
38
38
38
36
36
37
37
36
36
35
36
35
36
36
35
36
36
36
35
35
35
35
35
35
35
34
34
34
34
34
34
34
34
33
33
33
33
33
32
33
32
32
32
32
32
32
32
31
31
31
31
31
31
31
31
29
30
30
30
30
30
30
29
29
29
29
29
29
29
28
28
28
28
28
28
28
28
27
27
27
27
27
27
27
26
26
26
26
26
26
26
25
25
25
25
24
25
25
24
23
24
24
24
24
24
24
23
23
23
23
23
23
23
22
22
22
22
22
22
22
21
21
21
21
21
21
21
20
20
20
20
20
20
20
19
19
19
19
19
19
19
18
18
18
18
18
18
18
17
17
17
17
17
17
16
16
16
16
16
16
16
15
15
15
15
15
15
15
14
14
14
14
14
14
14
13
13
13
13
13
13
12
12
12
12
12
12
12
11
11
11
11
11
11
10
10
10
10
10
10
10
9
9
9
9
9
9
8
8
8
8
8
8
7
7
7
7
7
7
6
6
6
6
6
5
5
5
5
5
5
4
4
4
4
4
3
3
3
